LEVEL -> EXP NEEDED -> EXP TOTAL
1 -> 15 -> 15
2 -> 34 -> 49
3 -> 57 -> 106
4 -> 92 -> 198
5 -> 135 -> 333
6 -> 372 -> 705
7 -> 560 -> 1,265
8 -> 840 -> 2,105
9 -> 1,242 -> 3,347
10 -> 1,242 -> 4,589
11 -> 1,242 -> 5,831
12 -> 1,242 -> 7,073
13 -> 1,242 -> 8,315
14 -> 1,242 -> 9,557
15 -> 1,490 -> 11,047
16 -> 1,788 -> 12,835
17 -> 2,146 -> 14,981
18 -> 2,575 -> 17,556
19 -> 3,090 -> 20,646
20 -> 3,708 -> 24,354
21 -> 4,450 -> 28,804
22 -> 5,340 -> 34,144
23 -> 6,408 -> 40,552
24 -> 7,690 -> 48,242
25 -> 9,228 -> 57,470
26 -> 11,074 -> 68,544
27 -> 13,289 -> 81,833
28 -> 15,947 -> 97,780
29 -> 19,136 -> 116,916
30 -> 19,136 -> 136,052
31 -> 19,136 -> 155,188
32 -> 19,136 -> 174,324
33 -> 19,136 -> 193,460
34 -> 19,136 -> 212,596
35 -> 22,963 -> 235,559
36 -> 27,556 -> 263,115
37 -> 33,067 -> 296,182
38 -> 39,680 -> 335,862
39 -> 47,616 -> 383,478
40 -> 51,425 -> 434,903
41 -> 55,539 -> 490,442
42 -> 59,982 -> 550,424
43 -> 64,781 -> 615,205
44 -> 69,963 -> 685,168
45 -> 75,560 -> 760,728
46 -> 81,605 -> 842,333
47 -> 88,133 -> 930,466
48 -> 95,184 -> 1,025,650
49 -> 102,799 -> 1,128,449
50 -> 111,023 -> 1,239,472
51 -> 119,905 -> 1,359,377
52 -> 129,497 -> 1,488,874
53 -> 139,857 -> 1,628,731
54 -> 151,046 -> 1,779,777
55 -> 163,130 -> 1,942,907
56 -> 176,180 -> 2,119,087
57 -> 190,274 -> 2,309,361
58 -> 205,496 -> 2,514,857
59 -> 221,936 -> 2,736,793
60 -> 239,691 -> 2,976,484
61 -> 258,866 -> 3,235,350
62 -> 279,575 -> 3,514,925
63 -> 301,941 -> 3,816,866
64 -> 326,096 -> 4,142,962
65 -> 352,184 -> 4,495,146
66 -> 380,359 -> 4,875,505
67 -> 410,788 -> 5,286,293
68 -> 443,651 -> 5,729,944
69 -> 479,143 -> 6,209,087
70 -> 479,143 -> 6,688,230
71 -> 479,143 -> 7,167,373
72 -> 479,143 -> 7,646,516
73 -> 479,143 -> 8,125,659
74 -> 479,143 -> 8,604,802
75 -> 512,683 -> 9,117,485
76 -> 548,571 -> 9,666,056
77 -> 586,971 -> 10,253,027
78 -> 628,059 -> 10,881,086
79 -> 672,023 -> 11,553,109
80 -> 719,065 -> 12,272,174
81 -> 769,400 -> 13,041,574
82 -> 823,258 -> 13,864,832
83 -> 880,886 -> 14,745,718
84 -> 942,548 -> 15,688,266
85 -> 1,008,526 -> 16,696,792
86 -> 1,079,123 -> 17,775,915
87 -> 1,154,662 -> 18,930,577
88 -> 1,235,488 -> 20,166,065
89 -> 1,321,972 -> 21,488,037
90 -> 1,414,510 -> 22,902,547
91 -> 1,513,526 -> 24,416,073
92 -> 1,619,473 -> 26,035,546
93 -> 1,732,836 -> 27,768,382
94 -> 1,854,135 -> 29,622,517
95 -> 1,983,924 -> 31,606,441
96 -> 2,122,799 -> 33,729,240
97 -> 2,271,395 -> 36,000,635
98 -> 2,430,393 -> 38,431,028
99 -> 2,600,521 -> 41,031,549
100 -> 2,782,557 -> 43,814,106
101 -> 2,977,336 -> 46,791,442
102 -> 3,185,750 -> 49,977,192
103 -> 3,408,753 -> 53,385,945
104 -> 3,647,366 -> 57,033,311
105 -> 3,902,682 -> 60,935,993
106 -> 4,175,870 -> 65,111,863
107 -> 4,468,181 -> 69,580,044
108 -> 4,780,954 -> 74,360,998
109 -> 5,115,621 -> 79,476,619
110 -> 5,473,714 -> 84,950,333
111 -> 5,856,874 -> 90,807,207
112 -> 6,266,855 -> 97,074,062
113 -> 6,705,535 -> 103,779,597
114 -> 7,174,922 -> 110,954,519
115 -> 7,677,167 -> 118,631,686
116 -> 8,214,569 -> 126,846,255
117 -> 8,789,589 -> 135,635,844
118 -> 9,404,860 -> 145,040,704
119 -> 10,063,200 -> 155,103,904
120 -> 10,063,200 -> 165,167,104
121 -> 10,063,200 -> 175,230,304
122 -> 10,063,200 -> 185,293,504
123 -> 10,063,200 -> 195,356,704
124 -> 10,063,200 -> 205,419,904
125 -> 10,767,624 -> 216,187,528
126 -> 11,521,358 -> 227,708,886
127 -> 12,327,853 -> 240,036,739
128 -> 13,190,803 -> 253,227,542
129 -> 14,114,159 -> 267,341,701
130 -> 15,102,150 -> 282,443,851
131 -> 16,159,301 -> 298,603,152
132 -> 17,290,452 -> 315,893,604
133 -> 18,500,784 -> 334,394,388
134 -> 19,795,839 -> 354,190,227
135 -> 21,181,548 -> 375,371,775
136 -> 22,664,256 -> 398,036,031
137 -> 24,250,754 -> 422,286,785
138 -> 25,948,307 -> 448,235,092
139 -> 27,764,688 -> 475,999,780
140 -> 29,708,216 -> 505,707,996
141 -> 31,787,791 -> 537,495,787
142 -> 34,012,936 -> 571,508,723
143 -> 36,393,842 -> 607,902,565
144 -> 38,941,411 -> 646,843,976
145 -> 41,667,310 -> 688,511,286
146 -> 44,584,022 -> 733,095,308
147 -> 47,704,904 -> 780,800,212
148 -> 51,044,247 -> 831,844,459
149 -> 54,617,344 -> 886,461,803
150 -> 58,440,558 -> 944,902,361
151 -> 62,531,397 -> 1,007,433,758
152 -> 66,908,595 -> 1,074,342,353
153 -> 71,592,197 -> 1,145,934,550
154 -> 76,603,651 -> 1,222,538,201
155 -> 81,965,907 -> 1,304,504,108
156 -> 87,703,520 -> 1,392,207,628
157 -> 93,842,766 -> 1,486,050,394
158 -> 100,411,760 -> 1,586,462,154
159 -> 107,440,583 -> 1,693,902,737
160 -> 113,887,018 -> 1,807,789,755
161 -> 120,720,239 -> 1,928,509,994
162 -> 127,963,453 -> 2,056,473,447
163 -> 135,641,260 -> 2,192,114,707
164 -> 143,779,736 -> 2,335,894,443
165 -> 152,406,520 -> 2,488,300,963
166 -> 161,550,911 -> 2,649,851,874
167 -> 171,243,966 -> 2,821,095,840
168 -> 181,518,604 -> 3,002,614,444
169 -> 192,409,720 -> 3,195,024,164
170 -> 203,954,303 -> 3,398,978,467
171 -> 216,191,561 -> 3,615,170,028
172 -> 229,163,055 -> 3,844,333,083
173 -> 242,912,838 -> 4,087,245,921
174 -> 257,487,608 -> 4,344,733,529
175 -> 272,936,864 -> 4,617,670,393
176 -> 289,313,076 -> 4,906,983,469
177 -> 306,671,861 -> 5,213,655,330
178 -> 325,072,173 -> 5,538,727,503
179 -> 344,576,503 -> 5,883,304,006
180 -> 365,251,093 -> 6,248,555,099
181 -> 387,166,159 -> 6,635,721,258
182 -> 410,396,129 -> 7,046,117,387
183 -> 435,019,897 -> 7,481,137,284
184 -> 461,121,091 -> 7,942,258,375
185 -> 488,788,356 -> 8,431,046,731
186 -> 518,115,657 -> 8,949,162,388
187 -> 549,202,596 -> 9,498,364,984
188 -> 582,154,752 -> 10,080,519,736
189 -> 617,084,037 -> 10,697,603,773
190 -> 654,109,079 -> 11,351,712,852
191 -> 693,355,624 -> 12,045,068,476
192 -> 734,956,961 -> 12,780,025,437
193 -> 779,054,379 -> 13,559,079,816
194 -> 825,797,642 -> 14,384,877,458
195 -> 875,345,501 -> 15,260,222,959
196 -> 927,866,231 -> 16,188,089,190
197 -> 983,538,205 -> 17,171,627,395
198 -> 1,042,550,497 -> 18,214,177,892
199 -> 1,105,103,527 -> 19,319,281,419
200 -> 1,171,409,739 -> 20,490,691,158
201 -> 1,229,980,226 -> 21,720,671,384
202 -> 1,291,479,237 -> 23,012,150,621
203 -> 1,356,053,199 -> 24,368,203,820
204 -> 1,423,855,859 -> 25,792,059,679
205 -> 1,495,048,652 -> 27,287,108,331
206 -> 1,569,801,085 -> 28,856,909,416
207 -> 1,648,291,139 -> 30,505,200,555
208 -> 1,730,705,696 -> 32,235,906,251
209 -> 1,817,240,981 -> 34,053,147,232
210 -> 1,908,103,030 -> 35,961,250,262
211 -> 2,003,508,182 -> 37,964,758,444
212 -> 2,103,683,591 -> 40,068,442,035
213 -> 2,208,867,771 -> 42,277,309,806
214 -> 2,319,311,160 -> 44,596,620,966
215 -> 2,435,276,718 -> 47,031,897,684
216 -> 2,557,040,554 -> 49,588,938,238
217 -> 2,684,892,582 -> 52,273,830,820
218 -> 2,819,137,211 -> 55,092,968,031
219 -> 2,960,094,072 -> 58,053,062,103
220 -> 3,108,098,776 -> 61,161,160,879
221 -> 3,263,503,715 -> 64,424,664,594
222 -> 3,426,678,901 -> 67,851,343,495
223 -> 3,598,012,846 -> 71,449,356,341
224 -> 3,777,913,488 -> 75,227,269,829
225 -> 3,966,809,162 -> 79,194,078,991
226 -> 4,165,149,620 -> 83,359,228,611
227 -> 4,373,407,101 -> 87,732,635,712
228 -> 4,592,077,456 -> 92,324,713,168
229 -> 4,821,681,329 -> 97,146,394,497
230 -> 5,062,765,395 -> 102,209,159,892
231 -> 5,315,903,665 -> 107,525,063,557
232 -> 5,581,698,848 -> 113,106,762,405
233 -> 5,860,783,790 -> 118,967,546,195
234 -> 6,153,822,980 -> 125,121,369,175
235 -> 6,461,514,129 -> 131,582,883,304
236 -> 6,784,589,835 -> 138,367,473,139
237 -> 7,123,819,327 -> 145,491,292,466
238 -> 7,480,010,293 -> 152,971,302,759
239 -> 7,854,010,808 -> 160,825,313,567
240 -> 8,246,711,348 -> 169,072,024,915
241 -> 8,659,046,915 -> 177,731,071,830
242 -> 9,091,999,261 -> 186,823,071,091
243 -> 9,546,599,224 -> 196,369,670,315
244 -> 10,023,929,185 -> 206,393,599,500
245 -> 10,525,125,644 -> 216,918,725,144
246 -> 11,051,381,926 -> 227,970,107,070
247 -> 11,603,951,022 -> 239,574,058,092
248 -> 12,184,148,573 -> 251,758,206,665
249 -> 12,793,356,002 -> 264,551,562,667
250 -> 13,049,223,122 -> 277,600,785,789
251 -> 13,310,207,584 -> 290,910,993,373
252 -> 13,576,411,736 -> 304,487,405,109
253 -> 13,847,939,971 -> 318,335,345,080
254 -> 14,124,898,770 -> 332,460,243,850
255 -> 14,407,396,745 -> 346,867,640,595
256 -> 14,695,544,680 -> 361,563,185,275
257 -> 14,989,455,574 -> 376,552,640,849
258 -> 15,289,244,685 -> 391,841,885,534
259 -> 15,595,029,579 -> 407,436,915,113
260 -> 15,906,930,171 -> 423,343,845,284
261 -> 16,225,068,774 -> 439,568,914,058
262 -> 16,549,570,149 -> 456,118,484,207
263 -> 16,880,561,552 -> 472,999,045,759
264 -> 17,218,172,783 -> 490,217,218,542
265 -> 17,562,536,239 -> 507,779,754,781
266 -> 17,913,786,964 -> 525,693,541,745
267 -> 18,272,062,703 -> 543,965,604,448
268 -> 18,637,503,957 -> 562,603,108,405
269 -> 19,010,254,036 -> 581,613,362,441
270 -> 19,390,459,117 -> 601,003,821,558
271 -> 19,778,268,299 -> 620,782,089,857
272 -> 20,173,833,665 -> 640,955,923,522
273 -> 20,577,310,338 -> 661,533,233,860
274 -> 20,988,856,545 -> 682,522,090,405
275 -> 21,408,633,676 -> 703,930,724,081
276 -> 21,836,806,350 -> 725,767,530,431
277 -> 22,273,542,477 -> 748,041,072,908
278 -> 22,719,013,327 -> 770,760,086,235
279 -> 23,173,393,594 -> 793,933,479,829
280 -> 23,636,861,466 -> 817,570,341,295
281 -> 24,109,598,695 -> 841,679,939,990
282 -> 24,591,790,669 -> 866,271,730,659
283 -> 25,083,626,482 -> 891,355,357,141
284 -> 25,585,299,012 -> 916,940,656,153
285 -> 26,097,004,992 -> 943,037,661,145
286 -> 26,618,945,092 -> 969,656,606,237
287 -> 27,151,323,994 -> 996,807,930,231
288 -> 27,694,350,474 -> 1,024,502,280,705
289 -> 28,248,237,483 -> 1,052,750,518,188
290 -> 28,813,202,233 -> 1,081,563,720,421
291 -> 29,389,466,278 -> 1,110,953,186,699
292 -> 29,977,255,604 -> 1,140,930,442,303
293 -> 30,576,800,716 -> 1,171,507,243,019
294 -> 31,188,336,730 -> 1,202,695,579,749
295 -> 31,812,103,465 -> 1,234,507,683,214
296 -> 32,448,345,534 -> 1,266,956,028,748
297 -> 33,097,312,445 -> 1,300,053,341,193
298 -> 33,759,258,694 -> 1,333,812,599,887
299 -> 34,434,443,868 -> 1,368,247,043,755
300 -> 34,778,788,307 -> 1,403,025,832,062
301 -> 35,126,576,190 -> 1,438,152,408,252
302 -> 35,477,841,952 -> 1,473,630,250,204
303 -> 35,832,620,372 -> 1,509,462,870,576
304 -> 36,190,946,576 -> 1,545,653,817,152
305 -> 36,552,856,042 -> 1,582,206,673,194
306 -> 36,918,384,602 -> 1,619,125,057,796
307 -> 37,287,568,448 -> 1,656,412,626,244
308 -> 37,660,444,132 -> 1,694,073,070,376
309 -> 38,037,048,573 -> 1,732,110,118,949
310 -> 38,417,419,059 -> 1,770,527,538,008
311 -> 38,801,593,250 -> 1,809,329,131,258
312 -> 39,189,609,183 -> 1,848,518,740,441
313 -> 39,581,505,275 -> 1,888,100,245,716
314 -> 39,977,320,328 -> 1,928,077,566,044
315 -> 40,377,093,531 -> 1,968,454,659,575
316 -> 40,780,864,466 -> 2,009,235,524,041
317 -> 41,188,673,111 -> 2,050,424,197,152
318 -> 41,600,559,842 -> 2,092,024,756,994
319 -> 42,016,565,440 -> 2,134,041,322,434
320 -> 42,436,731,094 -> 2,176,478,053,528
321 -> 42,861,098,405 -> 2,219,339,151,933
322 -> 43,289,709,389 -> 2,262,628,861,322
323 -> 43,722,606,483 -> 2,306,351,467,805
324 -> 44,159,832,548 -> 2,350,511,300,353
325 -> 44,601,430,873 -> 2,395,112,731,226
326 -> 45,047,445,182 -> 2,440,160,176,408
327 -> 45,497,919,634 -> 2,485,658,096,042
328 -> 45,952,898,830 -> 2,531,610,994,872
329 -> 46,412,427,818 -> 2,578,023,422,690
330 -> 46,876,552,096 -> 2,624,899,974,786
331 -> 47,345,317,617 -> 2,672,245,292,403
332 -> 47,818,770,793 -> 2,720,064,063,196
333 -> 48,296,958,501 -> 2,768,361,021,697
334 -> 48,779,928,086 -> 2,817,140,949,783
335 -> 49,267,727,367 -> 2,866,408,677,150
336 -> 49,760,404,641 -> 2,916,169,081,791
337 -> 50,258,008,687 -> 2,966,427,090,478
338 -> 50,760,588,774 -> 3,017,187,679,252
339 -> 51,268,194,662 -> 3,068,455,873,914
340 -> 51,780,876,609 -> 3,120,236,750,523
341 -> 52,298,685,375 -> 3,172,535,435,898
342 -> 52,821,672,229 -> 3,225,357,108,127
343 -> 53,349,888,951 -> 3,278,706,997,078
344 -> 53,883,387,841 -> 3,332,590,384,919
345 -> 54,422,221,719 -> 3,387,012,606,638
346 -> 54,966,443,936 -> 3,441,979,050,574
347 -> 55,516,108,375 -> 3,497,495,158,949
348 -> 56,071,269,459 -> 3,553,566,428,408
349 -> 56,631,982,154 -> 3,610,198,410,562
350 -> 57,198,301,976 -> 3,667,396,712,538
351 -> 57,770,284,996 -> 3,725,166,997,534
352 -> 58,347,987,846 -> 3,783,514,985,380
353 -> 58,931,467,724 -> 3,842,446,453,104
354 -> 59,520,782,401 -> 3,901,967,235,505
355 -> 60,115,990,225 -> 3,962,083,225,730
356 -> 60,717,150,127 -> 4,022,800,375,857
357 -> 61,324,321,628 -> 4,084,124,697,485
358 -> 61,937,564,844 -> 4,146,062,262,329
359 -> 62,556,940,492 -> 4,208,619,202,821
360 -> 63,182,509,897 -> 4,271,801,712,718
361 -> 63,814,334,996 -> 4,335,616,047,714
362 -> 64,452,478,346 -> 4,400,068,526,060
363 -> 65,097,003,129 -> 4,465,165,529,189
364 -> 65,747,973,160 -> 4,530,913,502,349
365 -> 66,405,452,892 -> 4,597,318,955,241
366 -> 67,069,507,421 -> 4,664,388,462,662
367 -> 67,740,202,495 -> 4,732,128,665,157
368 -> 68,417,604,520 -> 4,800,546,269,677
369 -> 69,101,780,565 -> 4,869,648,050,242
370 -> 69,792,798,371 -> 4,939,440,848,613
371 -> 70,490,726,355 -> 5,009,931,574,968
372 -> 71,195,633,619 -> 5,081,127,208,587
373 -> 71,907,589,955 -> 5,153,034,798,542
374 -> 72,626,665,855 -> 5,225,661,464,397
375 -> 73,352,932,514 -> 5,299,014,396,911
376 -> 74,086,461,839 -> 5,373,100,858,750
377 -> 74,827,326,457 -> 5,447,928,185,207
378 -> 75,575,599,722 -> 5,523,503,784,929
379 -> 76,331,355,719 -> 5,599,835,140,648
380 -> 77,094,669,276 -> 5,676,929,809,924
381 -> 77,865,615,969 -> 5,754,795,425,893
382 -> 78,644,272,129 -> 5,833,439,698,022
383 -> 79,430,714,850 -> 5,912,870,412,872
384 -> 80,225,021,999 -> 5,993,095,434,871
385 -> 81,027,272,219 -> 6,074,122,707,090
386 -> 81,837,544,941 -> 6,155,960,252,031
387 -> 82,655,920,390 -> 6,238,616,172,421
388 -> 83,482,479,594 -> 6,322,098,652,015
389 -> 84,317,304,390 -> 6,406,415,956,405
390 -> 85,160,477,434 -> 6,491,576,433,839
391 -> 86,012,082,208 -> 6,577,588,516,047
392 -> 86,872,203,030 -> 6,664,460,719,077
393 -> 87,740,925,060 -> 6,752,201,644,137
394 -> 88,618,334,311 -> 6,840,819,978,448
395 -> 89,504,517,654 -> 6,930,324,496,102
396 -> 90,399,562,831 -> 7,020,724,058,933
397 -> 91,303,558,459 -> 7,112,027,617,392
398 -> 92,216,594,044 -> 7,204,244,211,436
399 -> 93,138,759,984 -> 7,297,382,971,420
400 -> 94,070,147,584 -> 7,391,453,119,004
401 -> 95,010,849,060 -> 7,486,463,968,064
402 -> 95,960,957,551 -> 7,582,424,925,615
403 -> 96,920,567,127 -> 7,679,345,492,742
404 -> 97,889,772,798 -> 7,777,235,265,540
405 -> 98,868,670,526 -> 7,876,103,936,066
406 -> 99,857,357,231 -> 7,975,961,293,297
407 -> 100,855,930,803 -> 8,076,817,224,100
408 -> 101,864,490,111 -> 8,178,681,714,211
409 -> 102,883,135,012 -> 8,281,564,849,223
410 -> 103,911,966,362 -> 8,385,476,815,585
411 -> 104,951,086,026 -> 8,490,427,901,611
412 -> 106,000,596,886 -> 8,596,428,498,497
413 -> 107,060,602,855 -> 8,703,489,101,352
414 -> 108,131,208,884 -> 8,811,620,310,236
415 -> 109,212,520,973 -> 8,920,832,831,209
416 -> 110,304,646,183 -> 9,031,137,477,392
417 -> 111,407,692,645 -> 9,142,545,170,037
418 -> 112,521,769,571 -> 9,255,066,939,608
419 -> 113,646,987,267 -> 9,368,713,926,875
420 -> 114,783,457,140 -> 9,483,497,384,015
421 -> 115,931,291,711 -> 9,599,428,675,726
422 -> 117,090,604,628 -> 9,716,519,280,354
423 -> 118,261,510,674 -> 9,834,780,791,028
424 -> 119,444,125,781 -> 9,954,224,916,809
425 -> 120,638,567,039 -> 10,074,863,483,848
426 -> 121,844,952,709 -> 10,196,708,436,557
427 -> 123,063,402,236 -> 10,319,771,838,793
428 -> 124,294,036,258 -> 10,444,065,875,051
429 -> 125,536,976,621 -> 10,569,602,851,672
430 -> 126,792,346,387 -> 10,696,395,198,059
431 -> 128,060,269,851 -> 10,824,455,467,910
432 -> 129,340,872,550 -> 10,953,796,340,460
433 -> 130,634,281,276 -> 11,084,430,621,736
434 -> 131,940,624,089 -> 11,216,371,245,825
435 -> 133,260,030,330 -> 11,349,631,276,155
436 -> 134,592,630,633 -> 11,484,223,906,788
437 -> 135,938,556,939 -> 11,620,162,463,727
438 -> 137,297,942,508 -> 11,757,460,406,235
439 -> 138,670,921,933 -> 11,896,131,328,168
440 -> 140,057,631,152 -> 12,036,188,959,320
441 -> 141,458,207,464 -> 12,177,647,166,784
442 -> 142,872,789,539 -> 12,320,519,956,323
443 -> 144,301,517,434 -> 12,464,821,473,757
444 -> 145,744,532,608 -> 12,610,566,006,365
445 -> 147,201,977,934 -> 12,757,767,984,299
446 -> 148,673,997,713 -> 12,906,441,982,012
447 -> 150,160,737,690 -> 13,056,602,719,702
448 -> 151,662,345,067 -> 13,208,265,064,769
449 -> 153,178,968,518 -> 13,361,444,033,287
450 -> 154,710,758,203 -> 13,516,154,791,490
451 -> 156,257,865,785 -> 13,672,412,657,275
452 -> 157,820,444,443 -> 13,830,233,101,718
453 -> 159,398,648,887 -> 13,989,631,750,605
454 -> 160,992,635,376 -> 14,150,624,385,981
455 -> 162,602,561,730 -> 14,313,226,947,711
456 -> 164,228,587,347 -> 14,477,455,535,058
457 -> 165,870,873,220 -> 14,643,326,408,278
458 -> 167,529,581,952 -> 14,810,855,990,230
459 -> 169,204,877,772 -> 14,980,060,868,002
460 -> 170,896,926,550 -> 15,150,957,794,552
461 -> 172,605,895,816 -> 15,323,563,690,368
462 -> 174,331,954,774 -> 15,497,895,645,142
463 -> 176,075,274,322 -> 15,673,970,919,464
464 -> 177,836,027,065 -> 15,851,806,946,529
465 -> 179,614,387,336 -> 16,031,421,333,865
466 -> 181,410,531,209 -> 16,212,831,865,074
467 -> 183,224,636,521 -> 16,396,056,501,595
468 -> 185,056,882,886 -> 16,581,113,384,481
469 -> 186,907,451,715 -> 16,768,020,836,196
470 -> 188,776,526,232 -> 16,956,797,362,428
471 -> 190,664,291,494 -> 17,147,461,653,922
472 -> 192,570,934,409 -> 17,340,032,588,331
473 -> 194,496,643,753 -> 17,534,529,232,084
474 -> 196,441,610,191 -> 17,730,970,842,275
475 -> 198,406,026,293 -> 17,929,376,868,568
476 -> 200,390,086,556 -> 18,129,766,955,124
477 -> 202,393,987,422 -> 18,332,160,942,546
478 -> 204,417,927,296 -> 18,536,578,869,842
479 -> 206,462,106,569 -> 18,743,040,976,411
480 -> 208,526,727,635 -> 18,951,567,704,046
481 -> 210,611,994,911 -> 19,162,179,698,957
482 -> 212,718,114,860 -> 19,374,897,813,817
483 -> 214,845,296,009 -> 19,589,743,109,826
484 -> 216,993,748,969 -> 19,806,736,858,795
485 -> 219,163,686,459 -> 20,025,900,545,254
486 -> 221,355,323,324 -> 20,247,255,868,578
487 -> 223,568,876,557 -> 20,470,824,745,135
488 -> 225,804,565,323 -> 20,696,629,310,458
489 -> 228,062,610,976 -> 20,924,691,921,434
490 -> 230,343,237,086 -> 21,155,035,158,520
491 -> 232,646,669,457 -> 21,387,681,827,977
492 -> 234,973,136,152 -> 21,622,654,964,129
493 -> 237,322,867,514 -> 21,859,977,831,643
494 -> 239,696,096,189 -> 22,099,673,927,832
495 -> 242,093,057,151 -> 22,341,766,984,983
496 -> 244,513,987,723 -> 22,586,280,972,706
497 -> 246,959,127,600 -> 22,833,240,100,306
498 -> 249,428,718,876 -> 23,082,668,819,182
499 -> 251,923,006,065 -> 23,334,591,825,247
500 -> 254,442,236,126 -> 23,589,034,061,373
501 -> 256,986,658,487 -> 23,846,020,719,860
502 -> 259,556,525,072 -> 24,105,577,244,932
503 -> 262,152,090,323 -> 24,367,729,335,255
504 -> 264,773,611,226 -> 24,632,502,946,481
505 -> 267,421,347,338 -> 24,899,924,293,819
506 -> 270,095,560,811 -> 25,170,019,854,630
507 -> 272,796,516,419 -> 25,442,816,371,049
508 -> 275,524,481,583 -> 25,718,340,852,632
509 -> 278,279,726,399 -> 25,996,620,579,031
510 -> 281,062,523,663 -> 26,277,683,102,694
511 -> 283,873,148,900 -> 26,561,556,251,594
512 -> 286,711,880,389 -> 26,848,268,131,983
513 -> 289,578,999,193 -> 27,137,847,131,176
514 -> 292,474,789,185 -> 27,430,321,920,361
515 -> 295,399,537,077 -> 27,725,721,457,438
516 -> 298,353,532,448 -> 28,024,074,989,886
517 -> 301,337,067,772 -> 28,325,412,057,658
518 -> 304,350,438,450 -> 28,629,762,496,108
519 -> 307,393,942,835 -> 28,937,156,438,943
520 -> 310,467,882,263 -> 29,247,624,321,206
521 -> 313,572,561,086 -> 29,561,196,882,292
522 -> 316,708,286,697 -> 29,877,905,168,989
523 -> 319,875,369,564 -> 30,197,780,538,553
524 -> 323,074,123,260 -> 30,520,854,661,813
525 -> 326,304,864,493 -> 30,847,159,526,306
526 -> 329,567,913,138 -> 31,176,727,439,444
527 -> 332,863,592,269 -> 31,509,591,031,713
528 -> 336,192,228,192 -> 31,845,783,259,905
529 -> 339,554,150,474 -> 32,185,337,410,379
530 -> 342,949,691,979 -> 32,528,287,102,358
531 -> 346,379,188,899 -> 32,874,666,291,257
532 -> 349,842,980,788 -> 33,224,509,272,045
533 -> 353,341,410,596 -> 33,577,850,682,641
534 -> 356,874,824,702 -> 33,934,725,507,343
535 -> 360,443,572,949 -> 34,295,169,080,292
536 -> 364,048,008,678 -> 34,659,217,088,970
537 -> 367,688,488,765 -> 35,026,905,577,735
538 -> 371,365,373,653 -> 35,398,270,951,388
539 -> 375,079,027,390 -> 35,773,349,978,778
540 -> 378,829,817,664 -> 36,152,179,796,442
541 -> 382,618,115,841 -> 36,534,797,912,283
542 -> 386,444,296,999 -> 36,921,242,209,282
543 -> 390,308,739,969 -> 37,311,550,949,251
544 -> 394,211,827,369 -> 37,705,762,776,620
545 -> 398,153,945,643 -> 38,103,916,722,263
546 -> 402,135,485,099 -> 38,506,052,207,362
547 -> 406,156,839,950 -> 38,912,209,047,312
548 -> 410,218,408,350 -> 39,322,427,455,662
549 -> 414,320,592,434 -> 39,736,748,048,096
550 -> 418,463,798,358 -> 40,155,211,846,454
551 -> 422,648,436,342 -> 40,577,860,282,796
552 -> 426,874,920,705 -> 41,004,735,203,501
553 -> 431,143,669,912 -> 41,435,878,873,413
554 -> 435,455,106,611 -> 41,871,333,980,024
555 -> 439,809,657,677 -> 42,311,143,637,701
556 -> 444,207,754,254 -> 42,755,351,391,955
557 -> 448,649,831,797 -> 43,204,001,223,752
558 -> 453,136,330,115 -> 43,657,137,553,867
559 -> 457,667,693,416 -> 44,114,805,247,283
560 -> 462,244,370,350 -> 44,577,049,617,633
561 -> 466,866,814,054 -> 45,043,916,431,687
562 -> 471,535,482,195 -> 45,515,451,913,882
563 -> 476,250,837,017 -> 45,991,702,750,899
564 -> 481,013,345,387 -> 46,472,716,096,286
565 -> 485,823,478,841 -> 46,958,539,575,127
566 -> 490,681,713,629 -> 47,449,221,288,756
567 -> 495,588,530,765 -> 47,944,809,819,521
568 -> 500,544,416,073 -> 48,445,354,235,594
569 -> 505,549,860,234 -> 48,950,904,095,828
570 -> 510,605,358,836 -> 49,461,509,454,664
571 -> 515,711,412,424 -> 49,977,220,867,088
572 -> 520,868,526,548 -> 50,498,089,393,636
573 -> 526,077,211,813 -> 51,024,166,605,449
574 -> 531,337,983,931 -> 51,555,504,589,380
575 -> 536,651,363,770 -> 52,092,155,953,150
576 -> 542,017,877,408 -> 52,634,173,830,558
577 -> 547,438,056,182 -> 53,181,611,886,740
578 -> 552,912,436,744 -> 53,734,524,323,484
579 -> 558,441,561,111 -> 54,292,965,884,595
580 -> 564,025,976,722 -> 54,856,991,861,317
581 -> 569,666,236,489 -> 55,426,658,097,806
582 -> 575,362,898,854 -> 56,002,020,996,660
583 -> 581,116,527,843 -> 56,583,137,524,503
584 -> 586,927,693,121 -> 57,170,065,217,624
585 -> 592,796,970,052 -> 57,762,862,187,676
586 -> 598,724,939,753 -> 58,361,587,127,429
587 -> 604,712,189,151 -> 58,966,299,316,580
588 -> 610,759,311,043 -> 59,577,058,627,623
589 -> 616,866,904,153 -> 60,193,925,531,776
590 -> 623,035,573,195 -> 60,816,961,104,971
591 -> 629,265,928,927 -> 61,446,227,033,898
592 -> 635,558,588,216 -> 62,081,785,622,114
593 -> 641,914,174,098 -> 62,723,699,796,212
594 -> 648,333,315,839 -> 63,372,033,112,051
595 -> 654,816,648,997 -> 64,026,849,761,048
596 -> 661,364,815,487 -> 64,688,214,576,535
597 -> 667,978,463,642 -> 65,356,193,040,177
598 -> 674,658,248,278 -> 66,030,851,288,455
599 -> 681,404,830,761 -> 66,712,256,119,216
600 -> 688,218,879,069 -> 67,400,474,998,285
601 -> 695,101,067,860 -> 68,095,576,066,145
602 -> 702,052,078,539 -> 68,797,628,144,684
603 -> 709,072,599,324 -> 69,506,700,744,008
604 -> 716,163,325,317 -> 70,222,864,069,325
605 -> 723,324,958,570 -> 70,946,189,027,895
606 -> 730,558,208,156 -> 71,676,747,236,051
607 -> 737,863,790,238 -> 72,414,611,026,289
608 -> 745,242,428,140 -> 73,159,853,454,429
609 -> 752,694,852,421 -> 73,912,548,306,850
610 -> 760,221,800,945 -> 74,672,770,107,795
611 -> 767,824,018,954 -> 75,440,594,126,749
612 -> 775,502,259,144 -> 76,216,096,385,893
613 -> 783,257,281,735 -> 76,999,353,667,628
614 -> 791,089,854,552 -> 77,790,443,522,180
615 -> 799,000,753,098 -> 78,589,444,275,278
616 -> 806,990,760,629 -> 79,396,435,035,907
617 -> 815,060,668,235 -> 80,211,495,704,142
618 -> 823,211,274,917 -> 81,034,706,979,059
619 -> 831,443,387,666 -> 81,866,150,366,725
620 -> 839,757,821,543 -> 82,705,908,188,268
621 -> 848,155,399,758 -> 83,554,063,588,026
622 -> 856,636,953,756 -> 84,410,700,541,782
623 -> 865,203,323,294 -> 85,275,903,865,076
624 -> 873,855,356,527 -> 86,149,759,221,603
625 -> 882,593,910,092 -> 87,032,353,131,695
626 -> 891,419,849,193 -> 87,923,772,980,888
627 -> 900,334,047,685 -> 88,824,107,028,573
628 -> 909,337,388,162 -> 89,733,444,416,735
629 -> 918,430,762,044 -> 90,651,875,178,779
630 -> 927,615,069,664 -> 91,579,490,248,443
631 -> 936,891,220,361 -> 92,516,381,468,804
632 -> 946,260,132,565 -> 93,462,641,601,369
633 -> 955,722,733,891 -> 94,418,364,335,260
634 -> 965,279,961,230 -> 95,383,644,296,490
635 -> 974,932,760,842 -> 96,358,577,057,332
636 -> 984,682,088,450 -> 97,343,259,145,782
637 -> 994,528,909,335 -> 98,337,788,055,117
638 -> 1,004,474,198,428 -> 99,342,262,253,545
639 -> 1,014,518,940,412 -> 100,356,781,193,957
640 -> 1,024,664,129,816 -> 101,381,445,323,773
641 -> 1,034,910,771,114 -> 102,416,356,094,887
642 -> 1,045,259,878,825 -> 103,461,615,973,712
643 -> 1,055,712,477,613 -> 104,517,328,451,325
644 -> 1,066,269,602,389 -> 105,583,598,053,714
645 -> 1,076,932,298,413 -> 106,660,530,352,127
646 -> 1,087,701,621,397 -> 107,748,231,973,524
647 -> 1,098,578,637,611 -> 108,846,810,611,135
648 -> 1,109,564,423,987 -> 109,956,375,035,122
649 -> 1,120,660,068,227 -> 111,077,035,103,349
650 -> 1,131,866,668,909 -> 112,208,901,772,258
651 -> 1,143,185,335,598 -> 113,352,087,107,856
652 -> 1,154,617,188,954 -> 114,506,704,296,810
653 -> 1,166,163,360,844 -> 115,672,867,657,654
654 -> 1,177,824,994,452 -> 116,850,692,652,106
655 -> 1,189,603,244,397 -> 118,040,295,896,503
656 -> 1,201,499,276,841 -> 119,241,795,173,344
657 -> 1,213,514,269,609 -> 120,455,309,442,953
658 -> 1,225,649,412,305 -> 121,680,958,855,258
659 -> 1,237,905,906,428 -> 122,918,864,761,686
660 -> 1,250,284,965,492 -> 124,169,149,727,178
661 -> 1,262,787,815,147 -> 125,431,937,542,325
662 -> 1,275,415,693,298 -> 126,707,353,235,623
663 -> 1,288,169,850,231 -> 127,995,523,085,854
664 -> 1,301,051,548,733 -> 129,296,574,634,587
665 -> 1,314,062,064,220 -> 130,610,636,698,807
666 -> 1,327,202,684,862 -> 131,937,839,383,669
667 -> 1,340,474,711,711 -> 133,278,314,095,380
668 -> 1,353,879,458,828 -> 134,632,193,554,208
669 -> 1,367,418,253,416 -> 135,999,611,807,624
670 -> 1,381,092,435,950 -> 137,380,704,243,574
671 -> 1,394,903,360,310 -> 138,775,607,603,884
672 -> 1,408,852,393,913 -> 140,184,459,997,797
673 -> 1,422,940,917,852 -> 141,607,400,915,649
674 -> 1,437,170,327,031 -> 143,044,571,242,680
675 -> 1,451,542,030,301 -> 144,496,113,272,981
676 -> 1,466,057,450,604 -> 145,962,170,723,585
677 -> 1,480,718,025,110 -> 147,442,888,748,695
678 -> 1,495,525,205,361 -> 148,938,413,954,056
679 -> 1,510,480,457,415 -> 150,448,894,411,471
680 -> 1,525,585,261,989 -> 151,974,479,673,460
681 -> 1,540,841,114,609 -> 153,515,320,788,069
682 -> 1,556,249,525,755 -> 155,071,570,313,824
683 -> 1,571,812,021,013 -> 156,643,382,334,837
684 -> 1,587,530,141,223 -> 158,230,912,476,060
685 -> 1,603,405,442,635 -> 159,834,317,918,695
686 -> 1,619,439,497,061 -> 161,453,757,415,756
687 -> 1,635,633,892,032 -> 163,089,391,307,788
688 -> 1,651,990,230,952 -> 164,741,381,538,740
689 -> 1,668,510,133,262 -> 166,409,891,672,002
690 -> 1,685,195,234,595 -> 168,095,086,906,597
691 -> 1,702,047,186,941 -> 169,797,134,093,538
692 -> 1,719,067,658,810 -> 171,516,201,752,348
693 -> 1,736,258,335,398 -> 173,252,460,087,746
694 -> 1,753,620,918,752 -> 175,006,081,006,498
695 -> 1,771,157,127,940 -> 176,777,238,134,438
696 -> 1,788,868,699,219 -> 178,566,106,833,657
697 -> 1,806,757,386,211 -> 180,372,864,219,868
698 -> 1,824,824,960,073 -> 182,197,689,179,941
699 -> 1,843,073,209,674 -> 184,040,762,389,615
700 -> 1,861,503,941,771 -> 185,902,266,331,386
701 -> 1,880,118,981,189 -> 187,782,385,312,575
702 -> 1,898,920,171,001 -> 189,681,305,483,576
703 -> 1,917,909,372,711 -> 191,599,214,856,287
704 -> 1,937,088,466,438 -> 193,536,303,322,725
705 -> 1,956,459,351,102 -> 195,492,762,673,827
706 -> 1,976,023,944,613 -> 197,468,786,618,440
707 -> 1,995,784,184,059 -> 199,464,570,802,499
708 -> 2,015,742,025,900 -> 201,480,312,828,399
709 -> 2,035,899,446,159 -> 203,516,212,274,558
710 -> 2,056,258,440,621 -> 205,572,470,715,179
711 -> 2,076,821,025,027 -> 207,649,291,740,206
712 -> 2,097,589,235,277 -> 209,746,880,975,483
713 -> 2,118,565,127,630 -> 211,865,446,103,113
714 -> 2,139,750,778,906 -> 214,005,196,882,019
715 -> 2,161,148,286,695 -> 216,166,345,168,714
716 -> 2,182,759,769,562 -> 218,349,104,938,276
717 -> 2,204,587,367,258 -> 220,553,692,305,534
718 -> 2,226,633,240,931 -> 222,780,325,546,465
719 -> 2,248,899,573,340 -> 225,029,225,119,805
720 -> 2,271,388,569,073 -> 227,300,613,688,878
721 -> 2,294,102,454,764 -> 229,594,716,143,642
722 -> 2,317,043,479,312 -> 231,911,759,622,954
723 -> 2,340,213,914,105 -> 234,251,973,537,059
724 -> 2,363,616,053,246 -> 236,615,589,590,305
725 -> 2,387,252,213,778 -> 239,002,841,804,083
726 -> 2,411,124,735,916 -> 241,413,966,539,999
727 -> 2,435,235,983,275 -> 243,849,202,523,274
728 -> 2,459,588,343,108 -> 246,308,790,866,382
729 -> 2,484,184,226,539 -> 248,792,975,092,921
730 -> 2,509,026,068,804 -> 251,302,001,161,725
731 -> 2,534,116,329,492 -> 253,836,117,491,217
732 -> 2,559,457,492,787 -> 256,395,574,984,004
733 -> 2,585,052,067,715 -> 258,980,627,051,719
734 -> 2,610,902,588,392 -> 261,591,529,640,111
735 -> 2,637,011,614,276 -> 264,228,541,254,387
736 -> 2,663,381,730,419 -> 266,891,922,984,806
737 -> 2,690,015,547,723 -> 269,581,938,532,529
738 -> 2,716,915,703,200 -> 272,298,854,235,729
739 -> 2,744,084,860,232 -> 275,042,939,095,961
740 -> 2,771,525,708,834 -> 277,814,464,804,795
741 -> 2,799,240,965,922 -> 280,613,705,770,717
742 -> 2,827,233,375,581 -> 283,440,939,146,298
743 -> 2,855,505,709,337 -> 286,296,444,855,635
744 -> 2,884,060,766,430 -> 289,180,505,622,065
745 -> 2,912,901,374,094 -> 292,093,406,996,159
746 -> 2,942,030,387,835 -> 295,035,437,383,994
747 -> 2,971,450,691,713 -> 298,006,888,075,707
748 -> 3,001,165,198,630 -> 301,008,053,274,337
749 -> 3,031,176,850,616 -> 304,039,230,124,953
750 -> 3,061,488,619,122 -> 307,100,718,744,075
751 -> 3,092,103,505,313 -> 310,192,822,249,388
752 -> 3,123,024,540,366 -> 313,315,846,789,754
753 -> 3,154,254,785,770 -> 316,470,101,575,524
754 -> 3,185,797,333,628 -> 319,655,898,909,152
755 -> 3,217,655,306,964 -> 322,873,554,216,116
756 -> 3,249,831,860,034 -> 326,123,386,076,150
757 -> 3,282,330,178,634 -> 329,405,716,254,784
758 -> 3,315,153,480,420 -> 332,720,869,735,204
759 -> 3,348,305,015,224 -> 336,069,174,750,428
760 -> 3,381,788,065,376 -> 339,450,962,815,804
761 -> 3,415,605,946,030 -> 342,866,568,761,834
762 -> 3,449,762,005,490 -> 346,316,330,767,324
763 -> 3,484,259,625,545 -> 349,800,590,392,869
764 -> 3,519,102,221,800 -> 353,319,692,614,669
765 -> 3,554,293,244,018 -> 356,873,985,858,687
766 -> 3,589,836,176,458 -> 360,463,822,035,145
767 -> 3,625,734,538,223 -> 364,089,556,573,368
768 -> 3,661,991,883,605 -> 367,751,548,456,973
769 -> 3,698,611,802,441 -> 371,450,160,259,414
770 -> 3,735,597,920,465 -> 375,185,758,179,879
771 -> 3,772,953,899,670 -> 378,958,712,079,549
772 -> 3,810,683,438,667 -> 382,769,395,518,216
773 -> 3,848,790,273,054 -> 386,618,185,791,270
774 -> 3,887,278,175,785 -> 390,505,463,967,055
775 -> 3,926,150,957,543 -> 394,431,614,924,598
776 -> 3,965,412,467,118 -> 398,397,027,391,716
777 -> 4,005,066,591,789 -> 402,402,093,983,505
778 -> 4,045,117,257,707 -> 406,447,211,241,212
779 -> 4,085,568,430,284 -> 410,532,779,671,496
780 -> 4,126,424,114,587 -> 414,659,203,786,083
781 -> 4,167,688,355,733 -> 418,826,892,141,816
782 -> 4,209,365,239,290 -> 423,036,257,381,106
783 -> 4,251,458,891,683 -> 427,287,716,272,789
784 -> 4,293,973,480,600 -> 431,581,689,753,389
785 -> 4,336,913,215,406 -> 435,918,602,968,795
786 -> 4,380,282,347,560 -> 440,298,885,316,355
787 -> 4,424,085,171,036 -> 444,722,970,487,391
788 -> 4,468,326,022,746 -> 449,191,296,510,137
789 -> 4,513,009,282,973 -> 453,704,305,793,110
790 -> 4,558,139,375,803 -> 458,262,445,168,913
791 -> 4,603,720,769,561 -> 462,866,165,938,474
792 -> 4,649,757,977,257 -> 467,515,923,915,731
793 -> 4,696,255,557,030 -> 472,212,179,472,761
794 -> 4,743,218,112,600 -> 476,955,397,585,361
795 -> 4,790,650,293,726 -> 481,746,047,879,087
796 -> 4,838,556,796,663 -> 486,584,604,675,750
797 -> 4,886,942,364,630 -> 491,471,547,040,380
798 -> 4,935,811,788,276 -> 496,407,358,828,656
799 -> 4,985,169,906,159 -> 501,392,528,734,815
800 -> 5,035,021,605,221 -> 506,427,550,340,036
801 -> 5,085,371,821,273 -> 511,512,922,161,309
802 -> 5,136,225,539,486 -> 516,649,147,700,795
803 -> 5,187,587,794,881 -> 521,836,735,495,676
804 -> 5,239,463,672,830 -> 527,076,199,168,506
805 -> 5,291,858,309,558 -> 532,368,057,478,064
806 -> 5,344,776,892,654 -> 537,712,834,370,718
807 -> 5,398,224,661,581 -> 543,111,059,032,299
808 -> 5,452,206,908,197 -> 548,563,265,940,496
809 -> 5,506,728,977,279 -> 554,069,994,917,775
810 -> 5,561,796,267,052 -> 559,631,791,184,827
811 -> 5,617,414,229,723 -> 565,249,205,414,550
812 -> 5,673,588,372,020 -> 570,922,793,786,570
813 -> 5,730,324,255,740 -> 576,653,118,042,310
814 -> 5,787,627,498,297 -> 582,440,745,540,607
815 -> 5,845,503,773,280 -> 588,286,249,313,887
816 -> 5,903,958,811,013 -> 594,190,208,124,900
817 -> 5,962,998,399,123 -> 600,153,206,524,023
818 -> 6,022,628,383,114 -> 606,175,834,907,137
819 -> 6,082,854,666,945 -> 612,258,689,574,082
820 -> 6,143,683,213,614 -> 618,402,372,787,696
821 -> 6,205,120,045,750 -> 624,607,492,833,446
822 -> 6,267,171,246,208 -> 630,874,664,079,654
823 -> 6,329,842,958,670 -> 637,204,507,038,324
824 -> 6,393,141,388,257 -> 643,597,648,426,581
825 -> 6,457,072,802,140 -> 650,054,721,228,721
826 -> 6,521,643,530,161 -> 656,576,364,758,882
827 -> 6,586,859,965,463 -> 663,163,224,724,345
828 -> 6,652,728,565,118 -> 669,815,953,289,463
829 -> 6,719,255,850,769 -> 676,535,209,140,232
830 -> 6,786,448,409,277 -> 683,321,657,549,509
831 -> 6,854,312,893,370 -> 690,175,970,442,879
832 -> 6,922,856,022,304 -> 697,098,826,465,183
833 -> 6,992,084,582,527 -> 704,090,911,047,710
834 -> 7,062,005,428,352 -> 711,152,916,476,062
835 -> 7,132,625,482,636 -> 718,285,541,958,698
836 -> 7,203,951,737,462 -> 725,489,493,696,160
837 -> 7,275,991,254,837 -> 732,765,484,950,997
838 -> 7,348,751,167,385 -> 740,114,236,118,382
839 -> 7,422,238,679,059 -> 747,536,474,797,441
840 -> 7,496,461,065,850 -> 755,032,935,863,291
841 -> 7,571,425,676,509 -> 762,604,361,539,800
842 -> 7,647,139,933,274 -> 770,251,501,473,074
843 -> 7,723,611,332,607 -> 777,975,112,805,681
844 -> 7,800,847,445,933 -> 785,775,960,251,614
845 -> 7,878,855,920,392 -> 793,654,816,172,006
846 -> 7,957,644,479,596 -> 801,612,460,651,602
847 -> 8,037,220,924,392 -> 809,649,681,575,994
848 -> 8,117,593,133,636 -> 817,767,274,709,630
849 -> 8,198,769,064,972 -> 825,966,043,774,602
850 -> 8,280,756,755,622 -> 834,246,800,530,224
851 -> 8,363,564,323,178 -> 842,610,364,853,402
852 -> 8,447,199,966,410 -> 851,057,564,819,812
853 -> 8,531,671,966,074 -> 859,589,236,785,886
854 -> 8,616,988,685,735 -> 868,206,225,471,621
855 -> 8,703,158,572,592 -> 876,909,384,044,213
856 -> 8,790,190,158,318 -> 885,699,574,202,531
857 -> 8,878,092,059,901 -> 894,577,666,262,432
858 -> 8,966,872,980,500 -> 903,544,539,242,932
859 -> 9,056,541,710,305 -> 912,601,080,953,237
860 -> 9,147,107,127,408 -> 921,748,188,080,645
861 -> 9,238,578,198,682 -> 930,986,766,279,327
862 -> 9,330,963,980,669 -> 940,317,730,259,996
863 -> 9,424,273,620,476 -> 949,742,003,880,472
864 -> 9,518,516,356,681 -> 959,260,520,237,153
865 -> 9,613,701,520,248 -> 968,874,221,757,401
866 -> 9,709,838,535,450 -> 978,584,060,292,851
867 -> 9,806,936,920,805 -> 988,390,997,213,656
868 -> 9,905,006,290,013 -> 998,296,003,503,669
869 -> 10,004,056,352,913 -> 1,008,300,059,856,582
870 -> 10,104,096,916,442 -> 1,018,404,156,773,024
871 -> 10,205,137,885,606 -> 1,028,609,294,658,630
872 -> 10,307,189,264,462 -> 1,038,916,483,923,092
873 -> 10,410,261,157,107 -> 1,049,326,745,080,199
874 -> 10,514,363,768,678 -> 1,059,841,108,848,877
875 -> 10,619,507,406,365 -> 1,070,460,616,255,242
876 -> 10,725,702,480,429 -> 1,081,186,318,735,671
877 -> 10,832,959,505,233 -> 1,092,019,278,240,904
878 -> 10,941,289,100,285 -> 1,102,960,567,341,189
879 -> 11,050,701,991,288 -> 1,114,011,269,332,477
880 -> 11,161,209,011,201 -> 1,125,172,478,343,678
881 -> 11,272,821,101,313 -> 1,136,445,299,444,991
882 -> 11,385,549,312,326 -> 1,147,830,848,757,317
883 -> 11,499,404,805,449 -> 1,159,330,253,562,766
884 -> 11,614,398,853,503 -> 1,170,944,652,416,269
885 -> 11,730,542,842,038 -> 1,182,675,195,258,307
886 -> 11,847,848,270,458 -> 1,194,523,043,528,765
887 -> 11,966,326,753,163 -> 1,206,489,370,281,928
888 -> 12,085,990,020,695 -> 1,218,575,360,302,623
889 -> 12,206,849,920,902 -> 1,230,782,210,223,525
890 -> 12,328,918,420,111 -> 1,243,111,128,643,636
891 -> 12,452,207,604,312 -> 1,255,563,336,247,948
892 -> 12,576,729,680,355 -> 1,268,140,065,928,303
893 -> 12,702,496,977,159 -> 1,280,842,562,905,462
894 -> 12,829,521,946,931 -> 1,293,672,084,852,393
895 -> 12,957,817,166,400 -> 1,306,629,902,018,793
896 -> 13,087,395,338,064 -> 1,319,717,297,356,857
897 -> 13,218,269,291,445 -> 1,332,935,566,648,302
898 -> 13,350,451,984,359 -> 1,346,286,018,632,661
899 -> 13,483,956,504,203 -> 1,359,769,975,136,864
900 -> 13,618,796,069,245 -> 1,373,388,771,206,109
901 -> 13,754,984,029,937 -> 1,387,143,755,236,046
902 -> 13,892,533,870,236 -> 1,401,036,289,106,282
903 -> 14,031,459,208,938 -> 1,415,067,748,315,220
904 -> 14,171,773,801,027 -> 1,429,239,522,116,247
905 -> 14,313,491,539,037 -> 1,443,553,013,655,284
906 -> 14,456,626,454,427 -> 1,458,009,640,109,711
907 -> 14,601,192,718,971 -> 1,472,610,832,828,682
908 -> 14,747,204,646,161 -> 1,487,358,037,474,843
909 -> 14,894,676,692,623 -> 1,502,252,714,167,466
910 -> 15,043,623,459,549 -> 1,517,296,337,627,015
911 -> 15,194,059,694,144 -> 1,532,490,397,321,159
912 -> 15,346,000,291,085 -> 1,547,836,397,612,244
913 -> 15,499,460,293,996 -> 1,563,335,857,906,240
914 -> 15,654,454,896,936 -> 1,578,990,312,803,176
915 -> 15,810,999,445,905 -> 1,594,801,312,249,081
916 -> 15,969,109,440,364 -> 1,610,770,421,689,445
917 -> 16,128,800,534,768 -> 1,626,899,222,224,213
918 -> 16,290,088,540,116 -> 1,643,189,310,764,329
919 -> 16,452,989,425,517 -> 1,659,642,300,189,846
920 -> 16,617,519,319,772 -> 1,676,259,819,509,618
921 -> 16,783,694,512,970 -> 1,693,043,514,022,588
922 -> 16,951,531,458,100 -> 1,709,995,045,480,688
923 -> 17,121,046,772,681 -> 1,727,116,092,253,369
924 -> 17,292,257,240,408 -> 1,744,408,349,493,777
925 -> 17,465,179,812,812 -> 1,761,873,529,306,589
926 -> 17,639,831,610,940 -> 1,779,513,360,917,529
927 -> 17,816,229,927,049 -> 1,797,329,590,844,578
928 -> 17,994,392,226,319 -> 1,815,323,983,070,897
929 -> 18,174,336,148,582 -> 1,833,498,319,219,479
930 -> 18,356,079,510,068 -> 1,851,854,398,729,547
931 -> 18,539,640,305,169 -> 1,870,394,039,034,716
932 -> 18,725,036,708,221 -> 1,889,119,075,742,937
933 -> 18,912,287,075,303 -> 1,908,031,362,818,240
934 -> 19,101,409,946,056 -> 1,927,132,772,764,296
935 -> 19,292,424,045,517 -> 1,946,425,196,809,813
936 -> 19,485,348,285,972 -> 1,965,910,545,095,785
937 -> 19,680,201,768,832 -> 1,985,590,746,864,617
938 -> 19,877,003,786,520 -> 2,005,467,750,651,137
939 -> 20,075,773,824,385 -> 2,025,543,524,475,522
940 -> 20,276,531,562,629 -> 2,045,820,056,038,151
941 -> 20,479,296,878,255 -> 2,066,299,352,916,406
942 -> 20,684,089,847,038 -> 2,086,983,442,763,444
943 -> 20,890,930,745,508 -> 2,107,874,373,508,952
944 -> 21,099,840,052,963 -> 2,128,974,213,561,915
945 -> 21,310,838,453,493 -> 2,150,285,052,015,408
946 -> 21,523,946,838,028 -> 2,171,808,998,853,436
947 -> 21,739,186,306,408 -> 2,193,548,185,159,844
948 -> 21,956,578,169,472 -> 2,215,504,763,329,316
949 -> 22,176,143,951,167 -> 2,237,680,907,280,483
950 -> 22,397,905,390,679 -> 2,260,078,812,671,162
951 -> 22,621,884,444,586 -> 2,282,700,697,115,748
952 -> 22,848,103,289,032 -> 2,305,548,800,404,780
953 -> 23,076,584,321,922 -> 2,328,625,384,726,702
954 -> 23,307,350,165,141 -> 2,351,932,734,891,843
955 -> 23,540,423,666,792 -> 2,375,473,158,558,635
956 -> 23,775,827,903,460 -> 2,399,248,986,462,095
957 -> 24,013,586,182,495 -> 2,423,262,572,644,590
958 -> 24,253,722,044,320 -> 2,447,516,294,688,910
959 -> 24,496,259,264,763 -> 2,472,012,553,953,673
960 -> 24,741,221,857,411 -> 2,496,753,775,811,084
961 -> 24,988,634,075,985 -> 2,521,742,409,887,069
962 -> 25,238,520,416,745 -> 2,546,980,930,303,814
963 -> 25,490,905,620,912 -> 2,572,471,835,924,726
964 -> 25,745,814,677,121 -> 2,598,217,650,601,847
965 -> 26,003,272,823,892 -> 2,624,220,923,425,739
966 -> 26,263,305,552,131 -> 2,650,484,228,977,870
967 -> 26,525,938,607,652 -> 2,677,010,167,585,522
968 -> 26,791,197,993,729 -> 2,703,801,365,579,251
969 -> 27,059,109,973,666 -> 2,730,860,475,552,917
970 -> 27,329,701,073,403 -> 2,758,190,176,626,320
971 -> 27,602,998,084,137 -> 2,785,793,174,710,457
972 -> 27,879,028,064,978 -> 2,813,672,202,775,435
973 -> 28,157,818,345,628 -> 2,841,830,021,121,063
974 -> 28,439,396,529,084 -> 2,870,269,417,650,147
975 -> 28,723,790,494,375 -> 2,898,993,208,144,522
976 -> 29,011,028,399,319 -> 2,928,004,236,543,841
977 -> 29,301,138,683,312 -> 2,957,305,375,227,153
978 -> 29,594,150,070,145 -> 2,986,899,525,297,298
979 -> 29,890,091,570,846 -> 3,016,789,616,868,144
980 -> 30,188,992,486,554 -> 3,046,978,609,354,698
981 -> 30,490,882,411,420 -> 3,077,469,491,766,118
982 -> 30,795,791,235,534 -> 3,108,265,283,001,652
983 -> 31,103,749,147,889 -> 3,139,369,032,149,541
984 -> 31,414,786,639,368 -> 3,170,783,818,788,909
985 -> 31,728,934,505,762 -> 3,202,512,753,294,671
986 -> 32,046,223,850,820 -> 3,234,558,977,145,491
987 -> 32,366,686,089,328 -> 3,266,925,663,234,819
988 -> 32,690,352,950,221 -> 3,299,616,016,185,040
989 -> 33,017,256,479,723 -> 3,332,633,272,664,763
990 -> 33,347,429,044,520 -> 3,365,980,701,709,283
991 -> 33,680,903,334,965 -> 3,399,661,605,044,248
992 -> 34,017,712,368,315 -> 3,433,679,317,412,563
993 -> 34,357,889,491,998 -> 3,468,037,206,904,561
994 -> 34,701,468,386,918 -> 3,502,738,675,291,479
995 -> 35,048,483,070,787 -> 3,537,787,158,362,266
996 -> 35,398,967,901,495 -> 3,573,186,126,263,761
997 -> 35,752,957,580,510 -> 3,608,939,083,844,271
998 -> 36,110,487,156,315 -> 3,645,049,571,000,586
999 -> 0 -> 3,645,049,571,000,586